4.133086485922956
4.006986369495413
3.90282080559451
3.8209942194679116
3.7118400851292437
3.627847280075299
3.561362668102014
3.5129632147801053
3.47617748629485
3.443669803928154
3.4120387828445864
3.3843043387004608
3.3592351605232538
3.3345455389756467
3.307193525349371
3.2793063887498732
3.252866857498029
3.2252163454530955
3.1960274091954894
3.157041152774535
3.11511290990389
3.072301639344466
3.0282051218363506
2.9905679858237297
2.9587135960943503
2.930273860248168
2.906433903390869
2.8820940424462536
2.8624039700877097
2.8414086403173386
2.8237480717603147
2.805823787345405
2.7877059478299895
2.7680547721897844
2.7521532695958553
2.7339772868786016
2.715948685439118
2.7027976693570537
2.6816921338148143
2.6655265017574075
2.6495436234260654
2.635862396724192
2.621625053622551
2.6080669346687886
2.5936213213047994
2.5789232798750437
2.5631251261237056
2.555429161621421
2.5390751673898784
2.5268748980849556
2.516960837947788
2.5038249643196644
2.492511819616115
2.4817150797006304
2.474361147042938
2.466095892351065
2.457254668738344
2.447694170899289
2.4398847968926005
2.429246324485532
2.4238673291168094
2.4155713615406516
2.4080228644041455
2.4009203095113096
2.395345543063194
2.3889633473244087
2.3846760190313367
2.3775576626802843
2.3718397494161736
2.364623169263934
2.359136803689426
2.3537498447021843
2.349790112980471
2.343625390433825
2.3376610959301605
2.333811037165428
2.325125239472987
2.3230141547736287
2.317321438329504
2.3145971957906397
2.304279008360595
2.3018299995415803
2.2974620419720124
2.2931492436767007
2.2903363299561392
2.2841450092302513
2.280722373388663
2.272148620521157
2.26813687153169
2.265575068826378
2.260529612290465
2.2588187008582907
2.254161538541244
2.2471006606394326
2.2462929979941855
2.241839641407899
2.2376177238405246
2.2336858832603452
2.2314407798097013
2.2273975033163342
2.224146756184226
2.2185409884775793
2.21243977355081
2.212042447893823
2.208936912868379
2.2025479104297165
2.201381947088185
2.197956520982776
2.1929210139744306
2.188777079127823
2.1862776154902446
2.1839825953736485
2.1812250644276516
2.177327152508409
2.17053339401972
2.169119101988598
2.166121923827688
2.164476234932032
2.1621897376637556
2.1568892180030006
2.1538710462786974
2.149485111099711
2.1462436984245032
2.1455379092186937
2.138316035133825
2.1363750364969296
2.1348016074549574
2.1301292349358785
2.1242127459577547
2.1221539619732663
2.122227785644794
2.1188326690829338
2.1164411699183363
2.1134832963330323
2.1064891698850405
2.1061392399802155
2.1051144530113466
2.1015570252688978
2.099525076239856
2.0964995919631595
2.091309019673432
2.087964980391491
2.0850493389210683
2.084494586242737
2.080559052090696
2.079245093358781
2.0752762048307454
2.068532867081266
2.0664616624742362
2.0652776723888002
2.0608696691204273
2.062347324379003
2.056189240051603
2.0545921329789554
2.0517996771327365
2.0477246556572206
2.0480115610751177
2.044688183459295
2.044077413227198
2.0384594036435124
2.038982837399987
2.036068201201928
2.0332088458141166
2.0296118939648258
2.025303817643914
2.0258981677886405
2.023917149594127
2.018781312023866
2.0176622714295585
2.015535429753061
2.0148543718898613
2.011079400743602
2.012621245619622
2.0053245881668595
2.0051668990493217
2.003782544836795
2.0009998660684327
1.9984703266524844
1.9981974404386484
1.996089484059302
1.9943014921194926
1.9918794334961243
1.9899774715903178
1.9879861411763662
1.9865236601243756
1.9856052260448143
1.979572720560496
1.980798557212515
1.9780227638413261
1.976553112165799
1.9759132352953828
1.973009748792813
1.972101565069775
1.9691405435927836
1.9683958823043077
1.9655503346643564
1.9646641211723186
1.9608076609645444
1.9619797182137853
1.9599493428568617
1.9593090594978175
1.955858637900632
1.95649628195779
1.9532298536716755
1.953273896508597
1.9508740197093017
1.9490985246257586
1.9476486607342456
1.944422979989909
1.9419486331063764
1.943859149476282
1.9402429637350518
1.9387370837952866
1.9386321022918391
1.9348601655763
1.9353728544835234
1.9339386616180194
1.932001085149983
1.9293830293464922
1.9283355341713142
1.9297054117774306
1.9277451206704355
1.9275563565242158
1.921974431770402
1.9213273907090977
1.9251466524176708
1.9192259144700896
1.9187579899513074
1.9177370996617569
1.916832888578029
1.9114862549044922
1.9168218944978754
1.9123013946136829
1.910517562544304
1.9093856002652148
1.9108248424858518
1.9078227436227704
1.9026260373239234
1.906004249981159
1.9011062457558754
1.9025305717601833
1.9000805096292324
1.8951766861840056
1.898201225408866
1.8966821808491992
1.8970792571384245
1.8946434828772478
1.8959826819521695
1.889368377788468
1.8897102239074444
1.890551034262752
1.886848055673111
1.8866694900116328
1.8873172783550556
1.887648394543048
1.8847082497468621
1.881686944638548
1.8825071265858975
1.880798642178214
1.8781702002482619
1.8767308761824422
1.8783540536834507
1.8755537806641218
1.8740011288022043
1.8729919126742756
1.8711727767258892
1.872469663756862
1.8702188670019328
1.8696838097238386
1.8671228501060377
1.8687476172923498
1.865051353976867
1.8670287249966968
1.859404153446107
1.8640487419888288
1.8610999989317976
1.859485229312619
1.8605212500120007
1.8581266043243685
1.8574758450555202
1.856189765557904
1.8544733020659834
1.8529291852333496
1.8540103375295824
1.8502885181238682
1.8503612151238982
1.8489656193795603
1.8510028578246893
1.8466987508583277
1.8468435729001604
1.846761242530375
1.847776318663982
1.8450654627398169
1.8432888019782958
1.8424967145536566
1.837130462261073
1.840512835336196
1.8371409046389884
1.8369811387341266
1.8358683482103315
train accuracy: 0.43286738
test accuracy: 0.30919355
